Level	Rogue	Druid	Hunter	Mage	Paladin	Priest	Shaman	Warlock	Warrior	Death Knight	Monk	Demon Hunter	Item	Consumable	Gem1	Gem2	Gem3	Health	DamageReplaceStat	DamageSecondary
1	0	0	0	0	0	0	0	0	0	0	0	0	1.8	208.1915564	1.27680467	1.587378779	1.932461123	148.7082546	0.10125	0.10125
2	0	0	0	0	0	0	0	0	0	0	0	0	2.1	208.1915564	1.27680467	1.587378779	1.932461123	163.57908	0.13125	0.13125
3	0	0	0	0	0	0	0	0	0	0	0	0	2.4	208.1915564	1.27680467	1.587378779	1.932461123	178.4499055	0.165	0.165
4	0	0	0	0	0	0	0	0	0	0	0	0	2.7	208.1915564	1.27680467	1.587378779	1.932461123	193.3207309	0.18871875	0.18871875
5	0	0	0	0	0	0	0	0	0	0	0	0	3	208.1915564	1.27680467	1.587378779	1.932461123	208.1915564	0.213125	0.213125
6	0	0	0	0	0	0	0	0	0	0	0	0	3	340.0431163	1.27680467	1.587378779	1.932461123	223.0623819	0.2165625	0.2165625
7	0	0	0	0	0	0	0	0	0	0	0	0	4	340.0431163	1.27680467	1.587378779	1.932461123	237.9332073	0.293333333	0.293333333
8	0	0	0	0	0	0	0	0	0	0	0	0	4	340.0431163	1.27680467	1.587378779	1.932461123	252.8040328	0.297916667	0.297916667
9	0	0	0	0	0	0	0	0	0	0	0	0	5	340.0431163	1.27680467	1.587378779	1.932461123	293.5487029	0.378125	0.378125
10	0	0	0	0	0	0	0	0	0	0	0	0	5	340.0431163	1.27680467	1.587378779	1.932461123	340.0431163	0.383854167	0.383854167
11	0	0	0	0	0	0	0	0	0	0	0	0	6	658.7613323	1.27680467	1.587378779	1.932461123	392.287273	0.483083333	0.483083333
12	0	0	0	0	0	0	0	0	0	0	0	0	6	658.7613323	1.27680467	1.587378779	1.932461123	450.2811729	0.506	0.506
13	0	0	0	0	0	0	0	0	0	0	0	0	7	658.7613323	1.27680467	1.587378779	1.932461123	514.0248161	0.617604167	0.617604167
14	0	0	0	0	0	0	0	0	0	0	0	0	7	658.7613323	1.27680467	1.587378779	1.932461123	583.5182026	0.645409722	0.645409722
15	0	0	0	0	0	0	0	0	0	0	0	0	8	658.7613323	1.27680467	1.587378779	1.932461123	658.7613323	0.77	0.77
16	0	0	0	0	0	0	0	0	0	0	0	0	8	990.2593326	1.27680467	1.587378779	1.932461123	821.949117	0.7944	0.7944
17	0	0	0	0	0	0	0	0	0	0	0	0	9	990.2593326	1.27680467	1.587378779	1.932461123	864.0266709	0.9213	0.9213
18	0	0	0	0	0	0	0	0	0	0	0	0	9	990.2593326	1.27680467	1.587378779	1.932461123	906.1042248	0.94905	0.94905
19	0	0	0	0	0	0	0	0	0	0	0	0	10	990.2593326	1.27680467	1.587378779	1.932461123	948.1817787	1.0855	1.0855
20	0	0	0	0	0	0	0	0	0	0	0	0	10	990.2593326	1.27680467	1.587378779	1.932461123	990.2593326	1.116666667	1.116666667
21	0	0	0	0	0	0	0	0	0	0	0	0	11	1332.177177	2.157359615	2.682122765	3.265192931	1054.433939	1.2628	1.2628
22	0	0	0	0	0	0	0	0	0	0	0	0	11	1332.177177	2.157359615	2.682122765	3.265192931	1120.713027	1.29745	1.29745
23	0	0	0	0	0	0	0	0	0	0	0	0	12	1332.177177	2.157359615	2.682122765	3.265192931	1189.096595	1.4534	1.4534
24	0	0	0	0	0	0	0	0	0	0	0	0	12	1332.177177	2.157359615	2.682122765	3.265192931	1259.584646	1.4916	1.4916
25	0	0	0	0	0	0	0	0	0	0	0	0	13	1332.177177	2.157359615	2.682122765	3.265192931	1332.177177	1.6575	1.6575
26	0	0	0	0	0	0	0	0	0	0	0	0	13	1636.515	2.157359615	2.682122765	3.265192931	1391.2409	1.699316667	1.699316667
27	0	0	0	0	0	0	0	0	0	0	0	0	14	1636.515	2.157359615	2.682122765	3.265192931	1451.206544	1.8753	1.8753
28	0	0	0	0	0	0	0	0	0	0	0	0	14	1636.515	2.157359615	2.682122765	3.265192931	1512.074109	1.9208	1.9208
29	0	0	0	0	0	0	0	0	0	0	0	0	15	1636.515	2.157359615	2.682122765	3.265192931	1573.843594	2.107	2.107
30	0	0	0	0	0	0	0	0	0	0	0	0	15	1636.515	2.157359615	2.682122765	3.265192931	1636.515	2.15625	2.15625
31	0	0	0	0	0	0	0	0	0	0	0	0	16	2270.664615	2.157359615	2.682122765	3.265192931	1717.951362	2.350533333	2.350533333
32	0	0	0	0	0	0	0	0	0	0	0	0	16	2270.664615	2.157359615	2.682122765	3.265192931	1801.4421	2.401244444	2.401244444
33	0	0	0	0	0	0	0	0	0	0	0	0	17	2270.664615	2.157359615	2.682122765	3.265192931	2075.685933	2.605391667	2.605391667
34	0	0	0	0	0	0	0	0	0	0	0	0	17	2270.664615	2.157359615	2.682122765	3.265192931	2172.045368	2.65965	2.65965
35	0	0	0	0	0	0	0	0	0	0	0	0	18	2270.664615	2.157359615	2.682122765	3.265192931	2270.664615	2.87375	2.87375
36	0	0	0	0	0	0	0	0	0	0	0	0	18	2621.282462	2.157359615	2.682122765	3.265192931	2339.796072	2.9316	2.9316
37	0	0	0	0	0	0	0	0	0	0	0	0	19	2621.282462	2.157359615	2.682122765	3.265192931	2409.423585	3.155741667	3.155741667
38	0	0	0	0	0	0	0	0	0	0	0	0	19	2621.282462	2.157359615	2.682122765	3.265192931	2479.547155	3.217227778	3.217227778
39	0	0	0	0	0	0	0	0	0	0	0	0	20	2621.282462	2.157359615	2.682122765	3.265192931	2550.16678	3.4515	3.4515
40	0	0	0	0	0	0	0	0	0	0	0	0	20	2621.282462	2.157359615	2.682122765	3.265192931	2621.282462	3.516666667	3.516666667
41	0	0	0	0	0	0	0	0	0	0	0	0	21	3194.722238	3.029213017	3.766048616	4.584754837	2682.725047	3.6995	3.6995
42	0	0	0	0	0	0	0	0	0	0	0	0	21	3194.722238	3.029213017	3.766048616	4.584754837	2744.167632	3.7065	3.7065
43	0	0	0	0	0	0	0	0	0	0	0	0	22	3194.722238	3.029213017	3.766048616	4.584754837	3060.66569	3.890333333	3.890333333
44	0	0	0	0	0	0	0	0	0	0	0	0	22	3194.722238	3.029213017	3.766048616	4.584754837	3127.693964	3.897666667	3.897666667
45	0	0	0	0	0	0	0	0	0	0	0	0	23	3194.722238	3.029213017	3.766048616	4.584754837	3194.722238	4.0825	4.0825
46	0	0	0	0	0	0	0	0	0	0	0	0	23	3798.922537	3.029213017	3.766048616	4.584754837	3254.813812	4.090166667	4.090166667
47	0	0	0	0	0	0	0	0	0	0	0	0	24	3798.922537	3.029213017	3.766048616	4.584754837	3316.035686	4.276	4.276
48	0	0	0	0	0	0	0	0	0	0	0	0	24	3798.922537	3.029213017	3.766048616	4.584754837	3378.409122	4.284	4.284
49	0	0	0	0	0	0	0	0	0	0	0	0	25	3798.922537	3.029213017	3.766048616	4.584754837	3441.955779	4.470833333	4.470833333
50	0	0	0	0	0	0	0	0	0	0	0	0	25	3798.922537	3.029213017	3.766048616	4.584754837	3798.922537	4.479166667	4.479166667
51	0	0	0	0	0	0	0	0	0	0	0	0	26	4169.900238	3.029213017	3.766048616	4.584754837	3870.3789	4.667	4.667
52	0	0	0	0	0	0	0	0	0	0	0	0	26	4169.900238	3.029213017	3.766048616	4.584754837	3943.179332	4.675666667	4.675666667
53	0	0	0	0	0	0	0	0	0	0	0	0	27	4169.900238	3.029213017	3.766048616	4.584754837	4017.349113	4.8645	4.8645
54	0	0	0	0	0	0	0	0	0	0	0	0	27	4169.900238	3.029213017	3.766048616	4.584754837	4092.914002	4.8735	4.8735
55	0	0	0	0	0	0	0	0	0	0	0	0	28	4169.900238	3.029213017	3.766048616	4.584754837	4169.900238	5.063333333	5.063333333
56	0	0	0	0	0	0	0	0	0	0	0	0	28	4929.190187	3.029213017	3.766048616	4.584754837	4248.334559	5.072666667	5.072666667
57	0	0	0	0	0	0	0	0	0	0	0	0	29	4929.190187	3.029213017	3.766048616	4.584754837	4661.186061	5.2635	5.2635
58	0	0	0	0	0	0	0	0	0	0	0	0	29	4929.190187	3.029213017	3.766048616	4.584754837	4748.861291	5.273166667	5.273166667
59	0	0	0	0	0	0	0	0	0	0	0	0	30	4929.190187	4.135645234	5.141612993	6.259354948	4838.185659	5.465	5.465
60	0	0	0	0	0	0	0	0	0	0	0	0	30	4929.190187	4.135645234	5.141612993	6.259354948	4929.190187	5.475	5.475
61	0	0	0	0	0	0	0	0	0	0	0	0	31	5410.542367	4.135645234	5.141612993	6.259354948	5021.906477	5.674722222	5.674722222
62	0	0	0	0	0	0	0	0	0	0	0	0	31	5410.542367	4.135645234	5.141612993	6.259354948	5116.366727	5.691944444	5.691944444
63	0	0	0	0	0	0	0	0	0	0	0	0	32	5410.542367	4.135645234	5.141612993	6.259354948	5212.603741	5.893333333	5.893333333
64	0	0	0	0	0	0	0	0	0	0	0	0	33	5410.542367	4.135645234	5.141612993	6.259354948	5310.650938	6.095833333	6.095833333
65	0	0	0	0	0	0	0	0	0	0	0	0	33	5410.542367	4.135645234	5.141612993	6.259354948	5410.542367	6.114166667	6.114166667
66	0	0	0	0	0	0	0	0	0	0	0	0	34	5938.900224	4.135645234	5.141612993	6.259354948	5512.312718	6.318333333	6.318333333
67	0	0	0	0	0	0	0	0	0	0	0	0	34	5938.900224	4.135645234	5.141612993	6.259354948	5615.997333	6.337222222	6.337222222
68	0	0	0	0	0	0	0	0	0	0	0	0	35	5938.900224	4.135645234	5.141612993	6.259354948	5721.632218	6.543055556	6.543055556
69	0	0	0	0	0	0	0	0	0	0	0	0	36	5938.900224	4.135645234	5.141612993	6.259354948	5829.254057	6.75	6.75
70	0	0	0	0	0	0	0	0	0	0	0	0	36	5938.900224	4.135645234	5.141612993	6.259354948	5938.900224	6.77	6.77
71	0	0	0	0	0	0	0	0	0	0	0	0	37	6984.486453	4.135645234	5.141612993	6.259354948	6482.795139	6.978611111	6.978611111
72	0	0	0	0	0	0	0	0	0	0	0	0	38	6984.486453	4.135645234	5.141612993	6.259354948	6604.734178	7.188333333	7.188333333
73	0	0	0	0	0	0	0	0	0	0	0	0	39	6984.486453	4.135645234	5.141612993	6.259354948	6728.966847	7.399166667	7.399166667
74	0	0	0	0	0	0	0	0	0	0	0	0	39	6984.486453	4.135645234	5.141612993	6.259354948	6855.536287	7.420833333	7.420833333
75	0	0	0	0	0	0	0	0	0	0	0	0	40	6984.486453	4.135645234	5.141612993	6.259354948	6984.486453	7.633333333	7.633333333
76	0	0	0	0	0	0	0	0	0	0	0	0	41	7666.545301	4.135645234	5.141612993	6.259354948	7115.862124	7.846944444	7.846944444
77	0	0	0	0	0	0	0	0	0	0	0	0	42	7666.545301	4.135645234	5.141612993	6.259354948	7249.708925	8.061666667	8.061666667
78	0	0	0	0	0	0	0	0	0	0	0	0	42	7666.545301	4.135645234	5.141612993	6.259354948	7386.073336	8.085	8.085
79	0	0	0	0	0	0	0	0	0	0	0	0	43	7666.545301	4.135645234	5.141612993	6.259354948	7525.002713	8.389886364	8.389886364
80	0	0	0	0	0	0	0	0	0	0	0	0	44	7666.545301	4.135645234	5.141612993	6.259354948	7666.545301	8.7	8.7
81	0	0	0	0	0	0	0	0	0	0	0	0	45	9537.237449	4.788375513	5.953115503	7.247271047	8331.466937	9.015340909	9.015340909
82	0	0	0	0	0	0	0	0	0	0	0	0	46	9537.237449	4.788375513	5.953115503	7.247271047	8488.178826	9.335909091	9.335909091
83	0	0	0	0	0	0	0	0	0	0	0	0	46	9537.237449	4.788375513	5.953115503	7.247271047	8647.83841	9.456136364	9.456136364
84	0	0	0	0	0	0	0	0	0	0	0	0	47	9537.237449	4.788375513	5.953115503	7.247271047	8810.501132	9.784545455	9.784545455
85	0	0	0	0	0	0	0	0	0	0	0	0	48	9537.237449	4.788375513	5.953115503	7.247271047	9537.237449	10.11818182	10.11818182
86	0	0	0	0	0	0	0	0	0	0	0	0	49	11084.38	4.788375513	5.953115503	7.247271047	9716.629447	10.45704545	10.45704545
87	0	0	0	0	0	0	0	0	0	0	0	0	50	11084.38	4.788375513	5.953115503	7.247271047	9899.395744	10.80113636	10.80113636
88	0	0	0	0	0	0	0	0	0	0	0	0	51	11084.38	4.788375513	5.953115503	7.247271047	10085.59981	11.15045455	11.15045455
89	0	0	0	0	0	0	0	0	0	0	0	0	52	11084.38	4.788375513	5.953115503	7.247271047	10275.3063	11.505	11.505
90	0	0	0	0	0	0	0	0	0	0	0	0	53	11084.38	4.788375513	5.953115503	7.247271047	11084.38	11.86477273	11.86477273
91	0	0	0	0	0	0	0	0	0	0	0	0	54	12842.74114	5.574813013	6.93084861	8.43755483	11292.87319	12.22977273	12.22977273
92	0	0	0	0	0	0	0	0	0	0	0	0	55	12842.74114	5.574813013	6.93084861	8.43755483	11505.28806	12.6	12.6
93	0	0	0	0	0	0	0	0	0	0	0	0	56	12842.74114	5.574813013	6.93084861	8.43755483	11721.69838	12.97545455	12.97545455
94	0	0	0	0	0	0	0	0	0	0	0	0	57	12842.74114	5.574813013	6.93084861	8.43755483	12605.63371	13.35613636	13.35613636
95	0	0	0	0	0	0	0	0	0	0	0	0	58	12842.74114	5.574813013	6.93084861	8.43755483	12842.74114	13.74204545	13.74204545
96	0	0	0	0	0	0	0	0	0	0	0	0	59	14838.81944	5.574813013	6.93084861	8.43755483	13084.30847	14.13318182	14.13318182
97	0	0	0	0	0	0	0	0	0	0	0	0	60	14838.81944	5.574813013	6.93084861	8.43755483	13330.41959	14.52954545	14.52954545
98	0	0	0	0	0	0	0	0	0	0	0	0	61	14838.81944	5.574813013	6.93084861	8.43755483	13581.15998	14.93113636	14.93113636
99	0	0	0	0	0	0	0	0	0	0	0	0	63	14838.81944	5.574813013	6.93084861	8.43755483	14564.85968	15.58534091	15.58534091
100	0	0	0	0	0	0	0	0	0	0	0	0	64	14838.81944	5.574813013	6.93084861	8.43755483	14838.81944	16	16
101	0	0	0	0	0	0	0	0	0	0	0	0	65	16287.88061	7.930273433	8.987643224	11.10238281	15117.93229	16.25	16.25
102	0	0	0	0	0	0	0	0	0	0	0	0	66	16287.88061	7.930273433	8.987643224	11.10238281	15402.29514	16.5	16.5
103	0	0	0	0	0	0	0	0	0	0	0	0	67	16287.88061	7.930273433	8.987643224	11.10238281	15692.00676	16.75	16.75
104	0	0	0	0	0	0	0	0	0	0	0	0	69	16287.88061	7.930273433	8.987643224	11.10238281	15987.16775	17.25	17.25
105	0	0	0	0	0	0	0	0	0	0	0	0	70	16287.88061	7.930273433	8.987643224	11.10238281	16287.88061	17.5	17.5
106	0	0	0	0	0	0	0	0	0	0	0	0	71	17878.44753	7.930273433	8.987643224	11.10238281	16594.24977	17.75	17.75
107	0	0	0	0	0	0	0	0	0	0	0	0	73	17878.44753	7.930273433	8.987643224	11.10238281	16906.38163	18.25	18.25
108	0	0	0	0	0	0	0	0	0	0	0	0	74	17878.44753	7.930273433	8.987643224	11.10238281	17224.38457	18.5	18.5
109	0	0	0	0	0	0	0	0	0	0	0	0	75	17878.44753	7.930273433	8.987643224	11.10238281	17548.36903	18.75	18.75
110	0	0	0	0	0	0	0	0	0	0	0	0	77	17878.44753	7.930273433	8.987643224	11.10238281	17878.44753	19.25	19.25
111	0	0	0	0	0	0	0	0	0	0	0	0	114	51270.21984	30	40	60	31901.12123	28.5	28.5
112	0	0	0	0	0	0	0	0	0	0	0	0	132	51270.21984	30	40	60	37283.16224	33	33
113	0	0	0	0	0	0	0	0	0	0	0	0	150	51270.21984	30	40	60	42509.50025	37.5	37.5
114	0	0	0	0	0	0	0	0	0	0	0	0	168	51270.21984	30	40	60	47273.20794	42	42
115	0	0	0	0	0	0	0	0	0	0	0	0	184	51270.21984	30	40	60	51270.21984	46	46
116	0	0	0	0	0	0	0	0	0	0	0	0	202	83343.56291	30	40	60	55354.77958	50.5	50.5
117	0	0	0	0	0	0	0	0	0	0	0	0	216	83343.56291	30	40	60	58256.56746	54	54
118	0	0	0	0	0	0	0	0	0	0	0	0	231	83343.56291	30	40	60	61251.95512	57.75	57.75
119	0	0	0	0	0	0	0	0	0	0	0	0	248	83343.56291	30	40	60	65059.63307	62	62
120	0	0	0	0	0	0	0	0	0	0	0	0	311	83343.56291	30	40	60	83343.56291	77.75	77.75
121	0	0	0	0	0	0	0	0	0	0	0	0	311	83343.56291	30	40	60	83343.56291	77.75	77.75
122	0	0	0	0	0	0	0	0	0	0	0	0	311	83343.56291	30	40	60	83343.56291	77.75	77.75
123	0	0	0	0	0	0	0	0	0	0	0	0	311	83343.56291	30	40	60	83343.56291	77.75	77.75
