Item Level	Armor Multiplier	Weapon Multiplier	Trinket Multiplier	Jewelry Multiplier
1	1	1	1	1
2	1	1	1	1
3	1	1	1	1
4	1	1	1	1
5	1	1	1	1
6	1	1	1	1
7	1	1	1	1
8	1	1	1	1
9	1	1	1	1
10	1	1	1	1
11	1	1	1	1
12	1	1	1	1
13	1	1	1	1
14	1	1	1	1
15	1	1	1	1
16	1	1	1	1
17	1	1	1	1
18	1	1	1	1
19	1	1	1	1
20	1	1	1	1
21	1	1	1	1
22	1	1	1	1
23	1	1	1	1
24	1	1	1	1
25	1	1	1	1
26	1	1	1	1
27	1	1	1	1
28	1	1	1	1
29	1	1	1	1
30	1	1	1	1
31	1	1	1	1
32	1	1	1	1
33	1	1	1	1
34	1	1	1	1
35	1	1	1	1
36	1	1	1	1
37	1	1	1	1
38	1	1	1	1
39	1	1	1	1
40	1	1	1	1
41	1	1	1	1
42	1	1	1	1
43	1	1	1	1
44	1	1	1	1
45	1	1	1	1
46	1	1	1	1
47	1	1	1	1
48	1	1	1	1
49	1	1	1	1
50	1	1	1	1
51	1	1	1	1
52	1	1	1	1
53	1	1	1	1
54	1	1	1	1
55	1	1	1	1
56	1	1	1	1
57	1	1	1	1
58	1	1	1	1
59	1	1	1	1
60	1	1	1	1
61	1	1	1	1
62	1	1	1	1
63	1	1	1	1
64	1	1	1	1
65	1	1	1	1
66	1	1	1	1
67	1	1	1	1
68	1	1	1	1
69	1	1	1	1
70	1	1	1	1
71	1	1	1	1
72	1	1	1	1
73	1	1	1	1
74	1	1	1	1
75	1	1	1	1
76	1	1	1	1
77	1	1	1	1
78	1	1	1	1
79	1	1	1	1
80	1	1	1	1
81	1	1	1	1
82	1	1	1	1
83	1	1	1	1
84	1	1	1	1
85	1	1	1	1
86	1	1	1	1
87	1	1	1	1
88	1	1	1	1
89	1	1	1	1
90	1	1	1	1
91	1	1	1	1
92	1	1	1	1
93	1	1	1	1
94	1	1	1	1
95	1	1	1	1
96	1	1	1	1
97	1	1	1	1
98	1	1	1	1
99	1	1	1	1
100	1	1	1	1
101	1	1	1	1
102	1	1	1	1
103	1	1	1	1
104	1	1	1	1
105	1	1	1	1
106	1	1	1	1
107	1	1	1	1
108	1	1	1	1
109	1	1	1	1
110	1	1	1	1
111	1	1	1	1
112	1	1	1	1
113	1	1	1	1
114	1	1	1	1
115	1	1	1	1
116	1	1	1	1
117	1	1	1	1
118	1	1	1	1
119	1	1	1	1
120	1	1	1	1
121	1	1	1	1
122	1	1	1	1
123	1	1	1	1
124	1	1	1	1
125	1	1	1	1
126	1	1	1	1
127	1	1	1	1
128	1	1	1	1
129	1	1	1	1
130	1	1	1	1
131	1	1	1	1
132	1	1	1	1
133	1	1	1	1
134	1	1	1	1
135	1	1	1	1
136	1	1	1	1
137	1	1	1	1
138	1	1	1	1
139	1	1	1	1
140	1	1	1	1
141	1	1	1	1
142	1	1	1	1
143	1	1	1	1
144	1	1	1	1
145	1	1	1	1
146	1	1	1	1
147	1	1	1	1
148	1	1	1	1
149	1	1	1	1
150	1	1	1	1
151	1	1	1	1
152	1	1	1	1
153	1	1	1	1
154	1	1	1	1
155	1	1	1	1
156	1	1	1	1
157	1	1	1	1
158	1	1	1	1
159	1	1	1	1
160	1	1	1	1
161	1	1	1	1
162	1	1	1	1
163	1	1	1	1
164	1	1	1	1
165	1	1	1	1
166	1	1	1	1
167	1	1	1	1
168	1	1	1	1
169	1	1	1	1
170	1	1	1	1
171	1	1	1	1
172	1	1	1	1
173	1	1	1	1
174	1	1	1	1
175	1	1	1	1
176	1	1	1	1
177	1	1	1	1
178	1	1	1	1
179	1	1	1	1
180	1	1	1	1
181	1	1	1	1
182	1	1	1	1
183	1	1	1	1
184	1	1	1	1
185	1	1	1	1
186	1	1	1	1
187	1	1	1	1
188	1	1	1	1
189	1	1	1	1
190	1	1	1	1
191	1	1	1	1
192	1	1	1	1
193	1	1	1	1
194	1	1	1	1
195	1	1	1	1
196	1	1	1	1
197	1	1	1	1
198	1	1	1	1
199	1	1	1	1
200	1	1	1	1
201	1	1	1	1
202	1	1	1	1
203	1	1	1	1
204	1	1	1	1
205	1	1	1	1
206	1	1	1	1
207	1	1	1	1
208	1	1	1	1
209	1	1	1	1
210	1	1	1	1
211	1	1	1	1
212	1	1	1	1
213	1	1	1	1
214	1	1	1	1
215	1	1	1	1
216	1	1	1	1
217	1	1	1	1
218	1	1	1	1
219	1	1	1	1
220	1	1	1	1
221	1	1	1	1
222	1	1	1	1
223	1	1	1	1
224	1	1	1	1
225	1	1	1	1
226	1	1	1	1
227	1	1	1	1
228	1	1	1	1
229	1	1	1	1
230	1	1	1	1
231	1	1	1	1
232	1	1	1	1
233	1	1	1	1
234	1	1	1	1
235	1	1	1	1
236	1	1	1	1
237	1	1	1	1
238	1	1	1	1
239	1	1	1	1
240	1	1	1	1
241	1	1	1	1
242	1	1	1	1
243	1	1	1	1
244	1	1	1	1
245	1	1	1	1
246	1	1	1	1
247	1	1	1	1
248	1	1	1	1
249	1	1	1	1
250	1	1	1	1
251	1	1	1	1
252	1	1	1	1
253	1	1	1	1
254	1	1	1	1
255	1	1	1	1
256	1	1	1	1
257	1	1	1	1
258	1	1	1	1
259	1	1	1	1
260	1	1	1	1
261	1	1	1	1
262	1	1	1	1
263	1	1	1	1
264	1	1	1	1
265	1	1	1	1
266	1	1	1	1
267	1	1	1	1
268	1	1	1	1
269	1	1	1	1
270	1	1	1	1
271	1	1	1	1
272	1	1	1	1
273	1	1	1	1
274	1	1	1	1
275	1	1	1	1
276	1	1	1	1
277	1	1	1	1
278	1	1	1	1
279	1	1	1	1
280	1	1	1	1
281	1	1	1	1
282	1	1	1	1
283	1	1	1	1
284	1	1	1	1
285	1	1	1	1
286	1	1	1	1
287	1	1	1	1
288	1	1	1	1
289	1	1	1	1
290	1	1	1	1
291	1	1	1	1
292	1	1	1	1
293	1	1	1	1
294	1	1	1	1
295	1.000194649	1.000194649	1.000194649	1.000194649
296	1.000583947	1.000583947	1.000583947	1.000583947
297	1.001167894	1.001167894	1.001167894	1.001167894
298	1.00194649	1.00194649	1.00194649	1.00194649
299	1.002919735	1.002919735	1.002919735	1.002919735
300	1.004293106	1.004293106	1.004293106	1.004293106
301	1.005677305	1.005677305	1.005677305	1.005677305
302	1.007072333	1.007072333	1.007072333	1.007072333
303	1.00847819	1.00847819	1.00847819	1.00847819
304	1.009894874	1.009894874	1.009894874	1.009894874
305	1.01152608	1.01152608	1.01152608	1.01152608
306	1.012960852	1.012960852	1.012960852	1.012960852
307	1.01439384	1.01439384	1.01439384	1.01439384
308	1.015825043	1.015825043	1.015825043	1.015825043
309	1.017254462	1.017254462	1.017254462	1.017254462
310	1.018884347	1.018884347	1.018884347	1.018884347
311	1.020307314	1.020307314	1.020307314	1.020307314
312	1.021728839	1.021728839	1.021728839	1.021728839
313	1.023148922	1.023148922	1.023148922	1.023148922
314	1.024567564	1.024567564	1.024567564	1.024567564
315	1.026185895	1.026185895	1.026185895	1.026185895
316	1.027599412	1.027599412	1.027599412	1.027599412
317	1.029011808	1.029011808	1.029011808	1.029011808
318	1.030423082	1.030423082	1.030423082	1.030423082
319	1.031833236	1.031833236	1.031833236	1.031833236
320	1.033442578	1.033442578	1.033442578	1.033442578
321	1.034848847	1.034848847	1.034848847	1.034848847
322	1.036254294	1.036254294	1.036254294	1.036254294
323	1.03765892	1.03765892	1.03765892	1.03765892
324	1.039062724	1.039062724	1.039062724	1.039062724
325	1.040665474	1.040665474	1.040665474	1.040665474
326	1.04206655	1.04206655	1.04206655	1.04206655
327	1.043467085	1.043467085	1.043467085	1.043467085
328	1.044867078	1.044867078	1.044867078	1.044867078
329	1.046266529	1.046266529	1.046266529	1.046266529
330	1.047864922	1.047864922	1.047864922	1.047864922
331	1.049262726	1.049262726	1.049262726	1.049262726
332	1.050660249	1.050660249	1.050660249	1.050660249
333	1.05205749	1.05205749	1.05205749	1.05205749
334	1.053454449	1.053454449	1.053454449	1.053454449
335	1.055050574	1.055050574	1.055050574	1.055050574
336	1.056446894	1.056446894	1.056446894	1.056446894
337	1.057843176	1.057843176	1.057843176	1.057843176
338	1.05923942	1.05923942	1.05923942	1.05923942
339	1.060635625	1.060635625	1.060635625	1.060635625
340	1.062231426	1.062231426	1.062231426	1.062231426
341	1.063627931	1.063627931	1.063627931	1.063627931
342	1.065024623	1.065024623	1.065024623	1.065024623
343	1.066421504	1.066421504	1.066421504	1.066421504
344	1.067818573	1.067818573	1.067818573	1.067818573
345	1.069415863	1.069415863	1.069415863	1.069415863
346	1.070814105	1.070814105	1.070814105	1.070814105
347	1.072212746	1.072212746	1.072212746	1.072212746
348	1.073611786	1.073611786	1.073611786	1.073611786
349	1.075011224	1.075011224	1.075011224	1.075011224
350	1.07661169	1.07661169	1.07661169	1.07661169
351	1.078013116	1.078013116	1.078013116	1.078013116
352	1.079415136	1.079415136	1.079415136	1.079415136
353	1.080817751	1.080817751	1.080817751	1.080817751
354	1.082220961	1.082220961	1.082220961	1.082220961
355	1.083826171	1.083826171	1.083826171	1.083826171
356	1.085232124	1.085232124	1.085232124	1.085232124
357	1.086638855	1.086638855	1.086638855	1.086638855
358	1.088046362	1.088046362	1.088046362	1.088046362
359	1.089454646	1.089454646	1.089454646	1.089454646
360	1.091066058	1.091066058	1.091066058	1.091066058
361	1.092477788	1.092477788	1.092477788	1.092477788
362	1.093890463	1.093890463	1.093890463	1.093890463
363	1.095304085	1.095304085	1.095304085	1.095304085
364	1.096718653	1.096718653	1.096718653	1.096718653
365	1.098337621	1.098337621	1.098337621	1.098337621
366	1.099756287	1.099756287	1.099756287	1.099756287
367	1.101176055	1.101176055	1.101176055	1.101176055
368	1.102596927	1.102596927	1.102596927	1.102596927
369	1.104018901	1.104018901	1.104018901	1.104018901
370	1.105646681	1.105646681	1.105646681	1.105646681
371	1.107073357	1.107073357	1.107073357	1.107073357
372	1.108501282	1.108501282	1.108501282	1.108501282
373	1.109930455	1.109930455	1.109930455	1.109930455
374	1.111360877	1.111360877	1.111360877	1.111360877
375	1.112998632	1.112998632	1.112998632	1.112998632
376	1.114434315	1.114434315	1.114434315	1.114434315
377	1.115871382	1.115871382	1.115871382	1.115871382
378	1.117309831	1.117309831	1.117309831	1.117309831
379	1.118749663	1.118749663	1.118749663	1.118749663
380	1.120398471	1.120398471	1.120398471	1.120398471
381	1.121844083	1.121844083	1.121844083	1.121844083
382	1.123291202	1.123291202	1.123291202	1.123291202
383	1.124739829	1.124739829	1.124739829	1.124739829
384	1.126189963	1.126189963	1.126189963	1.126189963
385	1.127850819	1.127850819	1.127850819	1.127850819
386	1.129307212	1.129307212	1.129307212	1.129307212
387	1.130765228	1.130765228	1.130765228	1.130765228
388	1.132224865	1.132224865	1.132224865	1.132224865
389	1.133686125	1.133686125	1.133686125	1.133686125
390	1.13535995	1.13535995	1.13535995	1.13535995
391	1.13682791	1.13682791	1.13682791	1.13682791
392	1.138297599	1.138297599	1.138297599	1.138297599
393	1.139769015	1.139769015	1.139769015	1.139769015
394	1.14124216	1.14124216	1.14124216	1.14124216
395	1.142929802	1.142929802	1.142929802	1.142929802
396	1.144410056	1.144410056	1.144410056	1.144410056
397	1.145892135	1.145892135	1.145892135	1.145892135
398	1.147376039	1.147376039	1.147376039	1.147376039
399	1.14886177	1.14886177	1.14886177	1.14886177
400	1.150564011	1.150564011	1.150564011	1.150564011
401	1.152057225	1.152057225	1.152057225	1.152057225
402	1.153552354	1.153552354	1.153552354	1.153552354
403	1.155049399	1.155049399	1.155049399	1.155049399
404	1.15654836	1.15654836	1.15654836	1.15654836
405	1.158265919	1.158265919	1.158265919	1.158265919
406	1.159772707	1.159772707	1.159772707	1.159772707
407	1.161281494	1.161281494	1.161281494	1.161281494
408	1.162792278	1.162792278	1.162792278	1.162792278
409	1.164305061	1.164305061	1.164305061	1.164305061
410	1.166038598	1.166038598	1.166038598	1.166038598
411	1.167559525	1.167559525	1.167559525	1.167559525
412	1.169082525	1.169082525	1.169082525	1.169082525
413	1.170607599	1.170607599	1.170607599	1.170607599
414	1.172134746	1.172134746	1.172134746	1.172134746
415	1.173884867	1.173884867	1.173884867	1.173884867
416	1.175420448	1.175420448	1.175420448	1.175420448
417	1.176958172	1.176958172	1.176958172	1.176958172
418	1.178498039	1.178498039	1.178498039	1.178498039
419	1.180040049	1.180040049	1.180040049	1.180040049
420	1.181807308	1.181807308	1.181807308	1.181807308
421	1.183358016	1.183358016	1.183358016	1.183358016
422	1.18491093	1.18491093	1.18491093	1.18491093
423	1.18646605	1.18646605	1.18646605	1.18646605
424	1.188023376	1.188023376	1.188023376	1.188023376
425	1.189808278	1.189808278	1.189808278	1.189808278
426	1.191374544	1.191374544	1.191374544	1.191374544
427	1.192943074	1.192943074	1.192943074	1.192943074
428	1.194513867	1.194513867	1.194513867	1.194513867
429	1.196086924	1.196086924	1.196086924	1.196086924
430	1.19788993	1.19788993	1.19788993	1.19788993
431	1.199472147	1.199472147	1.199472147	1.199472147
432	1.201056679	1.201056679	1.201056679	1.201056679
433	1.202643528	1.202643528	1.202643528	1.202643528
434	1.204232693	1.204232693	1.204232693	1.204232693
435	1.206054222	1.206054222	1.206054222	1.206054222
436	1.207652746	1.207652746	1.207652746	1.207652746
437	1.209253633	1.209253633	1.209253633	1.209253633
438	1.210856883	1.210856883	1.210856883	1.210856883
439	1.212462497	1.212462497	1.212462497	1.212462497
440	1.21430293	1.21430293	1.21430293	1.21430293
441	1.215918084	1.215918084	1.215918084	1.215918084
442	1.217535644	1.217535644	1.217535644	1.217535644
443	1.21915561	1.21915561	1.21915561	1.21915561
444	1.220777983	1.220777983	1.220777983	1.220777983
445	1.222637663	1.222637663	1.222637663	1.222637663
446	1.224269738	1.224269738	1.224269738	1.224269738
447	1.225904259	1.225904259	1.225904259	1.225904259
448	1.227541225	1.227541225	1.227541225	1.227541225
449	1.229180635	1.229180635	1.229180635	1.229180635
450	1.231059871	1.231059871	1.231059871	1.231059871
451	1.232709131	1.232709131	1.232709131	1.232709131
452	1.234360871	1.234360871	1.234360871	1.234360871
453	1.23601509	1.23601509	1.23601509	1.23601509
454	1.23767179	1.23767179	1.23767179	1.23767179
455	1.239570859	1.239570859	1.239570859	1.239570859
456	1.241237539	1.241237539	1.241237539	1.241237539
457	1.24290673	1.24290673	1.24290673	1.24290673
458	1.244578432	1.244578432	1.244578432	1.244578432
459	1.246252644	1.246252644	1.246252644	1.246252644
460	1.248171796	1.248171796	1.248171796	1.248171796
461	1.249856106	1.249856106	1.249856106	1.249856106
462	1.251542955	1.251542955	1.251542955	1.251542955
463	1.253232342	1.253232342	1.253232342	1.253232342
464	1.254924267	1.254924267	1.254924267	1.254924267
465	1.256863722	1.256863722	1.256863722	1.256863722
466	1.25856585	1.25856585	1.25856585	1.25856585
467	1.26027054	1.26027054	1.26027054	1.26027054
468	1.261977793	1.261977793	1.261977793	1.261977793
469	1.263687609	1.263687609	1.263687609	1.263687609
470	1.265647563	1.265647563	1.265647563	1.265647563
471	1.267367673	1.267367673	1.267367673	1.267367673
472	1.269090367	1.269090367	1.269090367	1.269090367
473	1.270815645	1.270815645	1.270815645	1.270815645
474	1.272543508	1.272543508	1.272543508	1.272543508
475	1.274524133	1.274524133	1.274524133	1.274524133
476	1.27626237	1.27626237	1.27626237	1.27626237
477	1.27800321	1.27800321	1.27800321	1.27800321
478	1.279746653	1.279746653	1.279746653	1.279746653
479	1.281492699	1.281492699	1.281492699	1.281492699
480	1.283494146	1.283494146	1.283494146	1.283494146
481	1.285250636	1.285250636	1.285250636	1.285250636
482	1.287009746	1.287009746	1.287009746	1.287009746
483	1.288771475	1.288771475	1.288771475	1.288771475
484	1.290535823	1.290535823	1.290535823	1.290535823
485	1.292558221	1.292558221	1.292558221	1.292558221
486	1.294333074	1.294333074	1.294333074	1.294333074
487	1.29611056	1.29611056	1.29611056	1.29611056
488	1.297890679	1.297890679	1.297890679	1.297890679
489	1.299673431	1.299673431	1.299673431	1.299673431
490	1.301716893	1.301716893	1.301716893	1.301716893
491	1.303510201	1.303510201	1.303510201	1.303510201
492	1.305306155	1.305306155	1.305306155	1.305306155
493	1.307104753	1.307104753	1.307104753	1.307104753
494	1.308905996	1.308905996	1.308905996	1.308905996
495	1.310970615	1.310970615	1.310970615	1.310970615
496	1.312782457	1.312782457	1.312782457	1.312782457
497	1.314596954	1.314596954	1.314596954	1.314596954
498	1.316414105	1.316414105	1.316414105	1.316414105
499	1.318233912	1.318233912	1.318233912	1.318233912
500	1.320056373	1.320056373	1.320056373	1.320056373
501	1.321360027	1.321360027	1.321360027	1.321360027
502	1.32240295	1.32240295	1.32240295	1.32240295
503	1.323185142	1.323185142	1.323185142	1.323185142
504	1.323706604	1.323706604	1.323706604	1.323706604
505	1.323967335	1.323967335	1.323967335	1.323967335
506	1.323967335	1.323967335	1.323967335	1.323967335
507	1.323967335	1.323967335	1.323967335	1.323967335
508	1.323967335	1.323967335	1.323967335	1.323967335
509	1.323967335	1.323967335	1.323967335	1.323967335
510	1.323967335	1.323967335	1.323967335	1.323967335
511	1.323967335	1.323967335	1.323967335	1.323967335
512	1.323967335	1.323967335	1.323967335	1.323967335
513	1.323967335	1.323967335	1.323967335	1.323967335
514	1.323967335	1.323967335	1.323967335	1.323967335
515	1.323967335	1.323967335	1.323967335	1.323967335
516	1.323967335	1.323967335	1.323967335	1.323967335
517	1.323967335	1.323967335	1.323967335	1.323967335
518	1.323967335	1.323967335	1.323967335	1.323967335
519	1.323967335	1.323967335	1.323967335	1.323967335
520	1.323967335	1.323967335	1.323967335	1.323967335
521	1.323967335	1.323967335	1.323967335	1.323967335
522	1.323967335	1.323967335	1.323967335	1.323967335
523	1.323967335	1.323967335	1.323967335	1.323967335
524	1.323967335	1.323967335	1.323967335	1.323967335
525	1.323967335	1.323967335	1.323967335	1.323967335
526	1.323967335	1.323967335	1.323967335	1.323967335
527	1.323967335	1.323967335	1.323967335	1.323967335
528	1.323967335	1.323967335	1.323967335	1.323967335
529	1.323967335	1.323967335	1.323967335	1.323967335
530	1.323967335	1.323967335	1.323967335	1.323967335
531	1.323967335	1.323967335	1.323967335	1.323967335
532	1.323967335	1.323967335	1.323967335	1.323967335
533	1.323967335	1.323967335	1.323967335	1.323967335
534	1.323967335	1.323967335	1.323967335	1.323967335
535	1.323967335	1.323967335	1.323967335	1.323967335
536	1.323967335	1.323967335	1.323967335	1.323967335
537	1.323967335	1.323967335	1.323967335	1.323967335
538	1.323967335	1.323967335	1.323967335	1.323967335
539	1.323967335	1.323967335	1.323967335	1.323967335
540	1.323967335	1.323967335	1.323967335	1.323967335
541	1.323967335	1.323967335	1.323967335	1.323967335
542	1.323967335	1.323967335	1.323967335	1.323967335
543	1.323967335	1.323967335	1.323967335	1.323967335
544	1.323967335	1.323967335	1.323967335	1.323967335
545	1.323967335	1.323967335	1.323967335	1.323967335
546	1.323967335	1.323967335	1.323967335	1.323967335
547	1.323967335	1.323967335	1.323967335	1.323967335
548	1.323967335	1.323967335	1.323967335	1.323967335
549	1.323967335	1.323967335	1.323967335	1.323967335
550	1.323967335	1.323967335	1.323967335	1.323967335
551	1.323967335	1.323967335	1.323967335	1.323967335
552	1.323967335	1.323967335	1.323967335	1.323967335
553	1.323967335	1.323967335	1.323967335	1.323967335
554	1.323967335	1.323967335	1.323967335	1.323967335
555	1.323967335	1.323967335	1.323967335	1.323967335
556	1.323967335	1.323967335	1.323967335	1.323967335
557	1.323967335	1.323967335	1.323967335	1.323967335
558	1.323967335	1.323967335	1.323967335	1.323967335
559	1.323967335	1.323967335	1.323967335	1.323967335
560	1.323967335	1.323967335	1.323967335	1.323967335
561	1.323967335	1.323967335	1.323967335	1.323967335
562	1.323967335	1.323967335	1.323967335	1.323967335
563	1.323967335	1.323967335	1.323967335	1.323967335
564	1.323967335	1.323967335	1.323967335	1.323967335
565	1.323967335	1.323967335	1.323967335	1.323967335
566	1.323967335	1.323967335	1.323967335	1.323967335
567	1.323967335	1.323967335	1.323967335	1.323967335
568	1.323967335	1.323967335	1.323967335	1.323967335
569	1.323967335	1.323967335	1.323967335	1.323967335
570	1.323967335	1.323967335	1.323967335	1.323967335
571	1.323967335	1.323967335	1.323967335	1.323967335
572	1.323967335	1.323967335	1.323967335	1.323967335
573	1.323967335	1.323967335	1.323967335	1.323967335
574	1.323967335	1.323967335	1.323967335	1.323967335
575	1.323967335	1.323967335	1.323967335	1.323967335
576	1.323967335	1.323967335	1.323967335	1.323967335
577	1.323967335	1.323967335	1.323967335	1.323967335
578	1.323967335	1.323967335	1.323967335	1.323967335
579	1.323967335	1.323967335	1.323967335	1.323967335
580	1.323967335	1.323967335	1.323967335	1.323967335
581	1.323967335	1.323967335	1.323967335	1.323967335
582	1.323967335	1.323967335	1.323967335	1.323967335
583	1.323967335	1.323967335	1.323967335	1.323967335
584	1.323967335	1.323967335	1.323967335	1.323967335
585	1.323967335	1.323967335	1.323967335	1.323967335
586	1.323967335	1.323967335	1.323967335	1.323967335
587	1.323967335	1.323967335	1.323967335	1.323967335
588	1.323967335	1.323967335	1.323967335	1.323967335
589	1.323967335	1.323967335	1.323967335	1.323967335
590	1.323967335	1.323967335	1.323967335	1.323967335
591	1.323967335	1.323967335	1.323967335	1.323967335
592	1.323967335	1.323967335	1.323967335	1.323967335
593	1.323967335	1.323967335	1.323967335	1.323967335
594	1.323967335	1.323967335	1.323967335	1.323967335
595	1.323967335	1.323967335	1.323967335	1.323967335
596	1.323967335	1.323967335	1.323967335	1.323967335
597	1.323967335	1.323967335	1.323967335	1.323967335
598	1.323967335	1.323967335	1.323967335	1.323967335
599	1.323967335	1.323967335	1.323967335	1.323967335
600	1.323967335	1.323967335	1.323967335	1.323967335
601	1.323967335	1.323967335	1.323967335	1.323967335
602	1.323967335	1.323967335	1.323967335	1.323967335
603	1.323967335	1.323967335	1.323967335	1.323967335
604	1.323967335	1.323967335	1.323967335	1.323967335
605	1.323967335	1.323967335	1.323967335	1.323967335
606	1.323967335	1.323967335	1.323967335	1.323967335
607	1.323967335	1.323967335	1.323967335	1.323967335
608	1.323967335	1.323967335	1.323967335	1.323967335
609	1.323967335	1.323967335	1.323967335	1.323967335
610	1.323967335	1.323967335	1.323967335	1.323967335
611	1.323967335	1.323967335	1.323967335	1.323967335
612	1.323967335	1.323967335	1.323967335	1.323967335
613	1.323967335	1.323967335	1.323967335	1.323967335
614	1.323967335	1.323967335	1.323967335	1.323967335
615	1.323967335	1.323967335	1.323967335	1.323967335
616	1.323967335	1.323967335	1.323967335	1.323967335
617	1.323967335	1.323967335	1.323967335	1.323967335
618	1.323967335	1.323967335	1.323967335	1.323967335
619	1.323967335	1.323967335	1.323967335	1.323967335
620	1.323967335	1.323967335	1.323967335	1.323967335
621	1.323967335	1.323967335	1.323967335	1.323967335
622	1.323967335	1.323967335	1.323967335	1.323967335
623	1.323967335	1.323967335	1.323967335	1.323967335
624	1.323967335	1.323967335	1.323967335	1.323967335
625	1.323967335	1.323967335	1.323967335	1.323967335
626	1.323967335	1.323967335	1.323967335	1.323967335
627	1.323967335	1.323967335	1.323967335	1.323967335
628	1.323967335	1.323967335	1.323967335	1.323967335
629	1.323967335	1.323967335	1.323967335	1.323967335
630	1.323967335	1.323967335	1.323967335	1.323967335
631	1.323967335	1.323967335	1.323967335	1.323967335
632	1.323967335	1.323967335	1.323967335	1.323967335
633	1.323967335	1.323967335	1.323967335	1.323967335
634	1.323967335	1.323967335	1.323967335	1.323967335
635	1.323967335	1.323967335	1.323967335	1.323967335
636	1.323967335	1.323967335	1.323967335	1.323967335
637	1.323967335	1.323967335	1.323967335	1.323967335
638	1.323967335	1.323967335	1.323967335	1.323967335
639	1.323967335	1.323967335	1.323967335	1.323967335
640	1.323967335	1.323967335	1.323967335	1.323967335
641	1.323967335	1.323967335	1.323967335	1.323967335
642	1.323967335	1.323967335	1.323967335	1.323967335
643	1.323967335	1.323967335	1.323967335	1.323967335
644	1.323967335	1.323967335	1.323967335	1.323967335
645	1.323967335	1.323967335	1.323967335	1.323967335
646	1.323967335	1.323967335	1.323967335	1.323967335
647	1.323967335	1.323967335	1.323967335	1.323967335
648	1.323967335	1.323967335	1.323967335	1.323967335
649	1.323967335	1.323967335	1.323967335	1.323967335
650	1.323967335	1.323967335	1.323967335	1.323967335
651	1.323967335	1.323967335	1.323967335	1.323967335
652	1.323967335	1.323967335	1.323967335	1.323967335
653	1.323967335	1.323967335	1.323967335	1.323967335
654	1.323967335	1.323967335	1.323967335	1.323967335
655	1.323967335	1.323967335	1.323967335	1.323967335
656	1.323967335	1.323967335	1.323967335	1.323967335
657	1.323967335	1.323967335	1.323967335	1.323967335
658	1.323967335	1.323967335	1.323967335	1.323967335
659	1.323967335	1.323967335	1.323967335	1.323967335
660	1.323967335	1.323967335	1.323967335	1.323967335
661	1.323967335	1.323967335	1.323967335	1.323967335
662	1.323967335	1.323967335	1.323967335	1.323967335
663	1.323967335	1.323967335	1.323967335	1.323967335
664	1.323967335	1.323967335	1.323967335	1.323967335
665	1.323967335	1.323967335	1.323967335	1.323967335
666	1.323967335	1.323967335	1.323967335	1.323967335
667	1.323967335	1.323967335	1.323967335	1.323967335
668	1.323967335	1.323967335	1.323967335	1.323967335
669	1.323967335	1.323967335	1.323967335	1.323967335
670	1.323967335	1.323967335	1.323967335	1.323967335
671	1.323967335	1.323967335	1.323967335	1.323967335
672	1.323967335	1.323967335	1.323967335	1.323967335
673	1.323967335	1.323967335	1.323967335	1.323967335
674	1.323967335	1.323967335	1.323967335	1.323967335
675	1.323967335	1.323967335	1.323967335	1.323967335
676	1.323967335	1.323967335	1.323967335	1.323967335
677	1.323967335	1.323967335	1.323967335	1.323967335
678	1.323967335	1.323967335	1.323967335	1.323967335
679	1.323967335	1.323967335	1.323967335	1.323967335
680	1.323967335	1.323967335	1.323967335	1.323967335
681	1.323967335	1.323967335	1.323967335	1.323967335
682	1.323967335	1.323967335	1.323967335	1.323967335
683	1.323967335	1.323967335	1.323967335	1.323967335
684	1.323967335	1.323967335	1.323967335	1.323967335
685	1.323967335	1.323967335	1.323967335	1.323967335
686	1.323967335	1.323967335	1.323967335	1.323967335
687	1.323967335	1.323967335	1.323967335	1.323967335
688	1.323967335	1.323967335	1.323967335	1.323967335
689	1.323967335	1.323967335	1.323967335	1.323967335
690	1.323967335	1.323967335	1.323967335	1.323967335
691	1.323967335	1.323967335	1.323967335	1.323967335
692	1.323967335	1.323967335	1.323967335	1.323967335
693	1.323967335	1.323967335	1.323967335	1.323967335
694	1.323967335	1.323967335	1.323967335	1.323967335
695	1.323967335	1.323967335	1.323967335	1.323967335
696	1.323967335	1.323967335	1.323967335	1.323967335
697	1.323967335	1.323967335	1.323967335	1.323967335
698	1.323967335	1.323967335	1.323967335	1.323967335
699	1.323967335	1.323967335	1.323967335	1.323967335
700	1.323967335	1.323967335	1.323967335	1.323967335
701	1.323967335	1.323967335	1.323967335	1.323967335
702	1.323967335	1.323967335	1.323967335	1.323967335
703	1.323967335	1.323967335	1.323967335	1.323967335
704	1.323967335	1.323967335	1.323967335	1.323967335
705	1.323967335	1.323967335	1.323967335	1.323967335
706	1.323967335	1.323967335	1.323967335	1.323967335
707	1.323967335	1.323967335	1.323967335	1.323967335
708	1.323967335	1.323967335	1.323967335	1.323967335
709	1.323967335	1.323967335	1.323967335	1.323967335
710	1.323967335	1.323967335	1.323967335	1.323967335
711	1.323967335	1.323967335	1.323967335	1.323967335
712	1.323967335	1.323967335	1.323967335	1.323967335
713	1.323967335	1.323967335	1.323967335	1.323967335
714	1.323967335	1.323967335	1.323967335	1.323967335
715	1.323967335	1.323967335	1.323967335	1.323967335
716	1.323967335	1.323967335	1.323967335	1.323967335
717	1.323967335	1.323967335	1.323967335	1.323967335
718	1.323967335	1.323967335	1.323967335	1.323967335
719	1.323967335	1.323967335	1.323967335	1.323967335
720	1.323967335	1.323967335	1.323967335	1.323967335
721	1.323967335	1.323967335	1.323967335	1.323967335
722	1.323967335	1.323967335	1.323967335	1.323967335
723	1.323967335	1.323967335	1.323967335	1.323967335
724	1.323967335	1.323967335	1.323967335	1.323967335
725	1.323967335	1.323967335	1.323967335	1.323967335
726	1.323967335	1.323967335	1.323967335	1.323967335
727	1.323967335	1.323967335	1.323967335	1.323967335
728	1.323967335	1.323967335	1.323967335	1.323967335
729	1.323967335	1.323967335	1.323967335	1.323967335
730	1.323967335	1.323967335	1.323967335	1.323967335
731	1.323967335	1.323967335	1.323967335	1.323967335
732	1.323967335	1.323967335	1.323967335	1.323967335
733	1.323967335	1.323967335	1.323967335	1.323967335
734	1.323967335	1.323967335	1.323967335	1.323967335
735	1.323967335	1.323967335	1.323967335	1.323967335
736	1.323967335	1.323967335	1.323967335	1.323967335
737	1.323967335	1.323967335	1.323967335	1.323967335
738	1.323967335	1.323967335	1.323967335	1.323967335
739	1.323967335	1.323967335	1.323967335	1.323967335
740	1.323967335	1.323967335	1.323967335	1.323967335
741	1.323967335	1.323967335	1.323967335	1.323967335
742	1.323967335	1.323967335	1.323967335	1.323967335
743	1.323967335	1.323967335	1.323967335	1.323967335
744	1.323967335	1.323967335	1.323967335	1.323967335
745	1.323967335	1.323967335	1.323967335	1.323967335
746	1.323967335	1.323967335	1.323967335	1.323967335
747	1.323967335	1.323967335	1.323967335	1.323967335
748	1.323967335	1.323967335	1.323967335	1.323967335
749	1.323967335	1.323967335	1.323967335	1.323967335
750	1.323967335	1.323967335	1.323967335	1.323967335
751	1.323967335	1.323967335	1.323967335	1.323967335
752	1.323967335	1.323967335	1.323967335	1.323967335
753	1.323967335	1.323967335	1.323967335	1.323967335
754	1.323967335	1.323967335	1.323967335	1.323967335
755	1.323967335	1.323967335	1.323967335	1.323967335
756	1.323967335	1.323967335	1.323967335	1.323967335
757	1.323967335	1.323967335	1.323967335	1.323967335
758	1.323967335	1.323967335	1.323967335	1.323967335
759	1.323967335	1.323967335	1.323967335	1.323967335
760	1.323967335	1.323967335	1.323967335	1.323967335
761	1.323967335	1.323967335	1.323967335	1.323967335
762	1.323967335	1.323967335	1.323967335	1.323967335
763	1.323967335	1.323967335	1.323967335	1.323967335
764	1.323967335	1.323967335	1.323967335	1.323967335
765	1.323967335	1.323967335	1.323967335	1.323967335
766	1.323967335	1.323967335	1.323967335	1.323967335
767	1.323967335	1.323967335	1.323967335	1.323967335
768	1.323967335	1.323967335	1.323967335	1.323967335
769	1.323967335	1.323967335	1.323967335	1.323967335
770	1.323967335	1.323967335	1.323967335	1.323967335
771	1.323967335	1.323967335	1.323967335	1.323967335
772	1.323967335	1.323967335	1.323967335	1.323967335
773	1.323967335	1.323967335	1.323967335	1.323967335
774	1.323967335	1.323967335	1.323967335	1.323967335
775	1.323967335	1.323967335	1.323967335	1.323967335
776	1.323967335	1.323967335	1.323967335	1.323967335
777	1.323967335	1.323967335	1.323967335	1.323967335
778	1.323967335	1.323967335	1.323967335	1.323967335
779	1.323967335	1.323967335	1.323967335	1.323967335
780	1.323967335	1.323967335	1.323967335	1.323967335
781	1.323967335	1.323967335	1.323967335	1.323967335
782	1.323967335	1.323967335	1.323967335	1.323967335
783	1.323967335	1.323967335	1.323967335	1.323967335
784	1.323967335	1.323967335	1.323967335	1.323967335
785	1.323967335	1.323967335	1.323967335	1.323967335
786	1.323967335	1.323967335	1.323967335	1.323967335
787	1.323967335	1.323967335	1.323967335	1.323967335
788	1.323967335	1.323967335	1.323967335	1.323967335
789	1.323967335	1.323967335	1.323967335	1.323967335
790	1.323967335	1.323967335	1.323967335	1.323967335
791	1.323967335	1.323967335	1.323967335	1.323967335
792	1.323967335	1.323967335	1.323967335	1.323967335
793	1.323967335	1.323967335	1.323967335	1.323967335
794	1.323967335	1.323967335	1.323967335	1.323967335
795	1.323967335	1.323967335	1.323967335	1.323967335
796	1.323967335	1.323967335	1.323967335	1.323967335
797	1.323967335	1.323967335	1.323967335	1.323967335
798	1.323967335	1.323967335	1.323967335	1.323967335
799	1.323967335	1.323967335	1.323967335	1.323967335
800	1.323967335	1.323967335	1.323967335	1.323967335
801	1.323967335	1.323967335	1.323967335	1.323967335
802	1.323967335	1.323967335	1.323967335	1.323967335
803	1.323967335	1.323967335	1.323967335	1.323967335
804	1.323967335	1.323967335	1.323967335	1.323967335
805	1.323967335	1.323967335	1.323967335	1.323967335
806	1.323967335	1.323967335	1.323967335	1.323967335
807	1.323967335	1.323967335	1.323967335	1.323967335
808	1.323967335	1.323967335	1.323967335	1.323967335
809	1.323967335	1.323967335	1.323967335	1.323967335
810	1.323967335	1.323967335	1.323967335	1.323967335
811	1.323967335	1.323967335	1.323967335	1.323967335
812	1.323967335	1.323967335	1.323967335	1.323967335
813	1.323967335	1.323967335	1.323967335	1.323967335
814	1.323967335	1.323967335	1.323967335	1.323967335
815	1.323967335	1.323967335	1.323967335	1.323967335
816	1.323967335	1.323967335	1.323967335	1.323967335
817	1.323967335	1.323967335	1.323967335	1.323967335
818	1.323967335	1.323967335	1.323967335	1.323967335
819	1.323967335	1.323967335	1.323967335	1.323967335
820	1.323967335	1.323967335	1.323967335	1.323967335
821	1.323967335	1.323967335	1.323967335	1.323967335
822	1.323967335	1.323967335	1.323967335	1.323967335
823	1.323967335	1.323967335	1.323967335	1.323967335
824	1.323967335	1.323967335	1.323967335	1.323967335
825	1.323967335	1.323967335	1.323967335	1.323967335
826	1.323967335	1.323967335	1.323967335	1.323967335
827	1.323967335	1.323967335	1.323967335	1.323967335
828	1.323967335	1.323967335	1.323967335	1.323967335
829	1.323967335	1.323967335	1.323967335	1.323967335
830	1.323967335	1.323967335	1.323967335	1.323967335
831	1.323967335	1.323967335	1.323967335	1.323967335
832	1.323967335	1.323967335	1.323967335	1.323967335
833	1.323967335	1.323967335	1.323967335	1.323967335
834	1.323967335	1.323967335	1.323967335	1.323967335
835	1.323967335	1.323967335	1.323967335	1.323967335
836	1.323967335	1.323967335	1.323967335	1.323967335
837	1.323967335	1.323967335	1.323967335	1.323967335
838	1.323967335	1.323967335	1.323967335	1.323967335
839	1.323967335	1.323967335	1.323967335	1.323967335
840	1.323967335	1.323967335	1.323967335	1.323967335
841	1.323967335	1.323967335	1.323967335	1.323967335
842	1.323967335	1.323967335	1.323967335	1.323967335
843	1.323967335	1.323967335	1.323967335	1.323967335
844	1.323967335	1.323967335	1.323967335	1.323967335
845	1.323967335	1.323967335	1.323967335	1.323967335
846	1.323967335	1.323967335	1.323967335	1.323967335
847	1.323967335	1.323967335	1.323967335	1.323967335
848	1.323967335	1.323967335	1.323967335	1.323967335
849	1.323967335	1.323967335	1.323967335	1.323967335
850	1.323967335	1.323967335	1.323967335	1.323967335
851	1.323967335	1.323967335	1.323967335	1.323967335
852	1.323967335	1.323967335	1.323967335	1.323967335
853	1.323967335	1.323967335	1.323967335	1.323967335
854	1.323967335	1.323967335	1.323967335	1.323967335
855	1.323967335	1.323967335	1.323967335	1.323967335
856	1.323967335	1.323967335	1.323967335	1.323967335
857	1.323967335	1.323967335	1.323967335	1.323967335
858	1.323967335	1.323967335	1.323967335	1.323967335
859	1.323967335	1.323967335	1.323967335	1.323967335
860	1.323967335	1.323967335	1.323967335	1.323967335
861	1.323967335	1.323967335	1.323967335	1.323967335
862	1.323967335	1.323967335	1.323967335	1.323967335
863	1.323967335	1.323967335	1.323967335	1.323967335
864	1.323967335	1.323967335	1.323967335	1.323967335
865	1.323967335	1.323967335	1.323967335	1.323967335
866	1.323967335	1.323967335	1.323967335	1.323967335
867	1.323967335	1.323967335	1.323967335	1.323967335
868	1.323967335	1.323967335	1.323967335	1.323967335
869	1.323967335	1.323967335	1.323967335	1.323967335
870	1.323967335	1.323967335	1.323967335	1.323967335
871	1.323967335	1.323967335	1.323967335	1.323967335
872	1.323967335	1.323967335	1.323967335	1.323967335
873	1.323967335	1.323967335	1.323967335	1.323967335
874	1.323967335	1.323967335	1.323967335	1.323967335
875	1.323967335	1.323967335	1.323967335	1.323967335
876	1.323967335	1.323967335	1.323967335	1.323967335
877	1.323967335	1.323967335	1.323967335	1.323967335
878	1.323967335	1.323967335	1.323967335	1.323967335
879	1.323967335	1.323967335	1.323967335	1.323967335
880	1.323967335	1.323967335	1.323967335	1.323967335
881	1.323967335	1.323967335	1.323967335	1.323967335
882	1.323967335	1.323967335	1.323967335	1.323967335
883	1.323967335	1.323967335	1.323967335	1.323967335
884	1.323967335	1.323967335	1.323967335	1.323967335
885	1.323967335	1.323967335	1.323967335	1.323967335
886	1.323967335	1.323967335	1.323967335	1.323967335
887	1.323967335	1.323967335	1.323967335	1.323967335
888	1.323967335	1.323967335	1.323967335	1.323967335
889	1.323967335	1.323967335	1.323967335	1.323967335
890	1.323967335	1.323967335	1.323967335	1.323967335
891	1.323967335	1.323967335	1.323967335	1.323967335
892	1.323967335	1.323967335	1.323967335	1.323967335
893	1.323967335	1.323967335	1.323967335	1.323967335
894	1.323967335	1.323967335	1.323967335	1.323967335
895	1.323967335	1.323967335	1.323967335	1.323967335
896	1.323967335	1.323967335	1.323967335	1.323967335
897	1.323967335	1.323967335	1.323967335	1.323967335
898	1.323967335	1.323967335	1.323967335	1.323967335
899	1.323967335	1.323967335	1.323967335	1.323967335
900	1.323967335	1.323967335	1.323967335	1.323967335
901	1.323967335	1.323967335	1.323967335	1.323967335
902	1.323967335	1.323967335	1.323967335	1.323967335
903	1.323967335	1.323967335	1.323967335	1.323967335
904	1.323967335	1.323967335	1.323967335	1.323967335
905	1.323967335	1.323967335	1.323967335	1.323967335
906	1.323967335	1.323967335	1.323967335	1.323967335
907	1.323967335	1.323967335	1.323967335	1.323967335
908	1.323967335	1.323967335	1.323967335	1.323967335
909	1.323967335	1.323967335	1.323967335	1.323967335
910	1.323967335	1.323967335	1.323967335	1.323967335
911	1.323967335	1.323967335	1.323967335	1.323967335
912	1.323967335	1.323967335	1.323967335	1.323967335
913	1.323967335	1.323967335	1.323967335	1.323967335
914	1.323967335	1.323967335	1.323967335	1.323967335
915	1.323967335	1.323967335	1.323967335	1.323967335
916	1.323967335	1.323967335	1.323967335	1.323967335
917	1.323967335	1.323967335	1.323967335	1.323967335
918	1.323967335	1.323967335	1.323967335	1.323967335
919	1.323967335	1.323967335	1.323967335	1.323967335
920	1.323967335	1.323967335	1.323967335	1.323967335
921	1.323967335	1.323967335	1.323967335	1.323967335
922	1.323967335	1.323967335	1.323967335	1.323967335
923	1.323967335	1.323967335	1.323967335	1.323967335
924	1.323967335	1.323967335	1.323967335	1.323967335
925	1.323967335	1.323967335	1.323967335	1.323967335
926	1.323967335	1.323967335	1.323967335	1.323967335
927	1.323967335	1.323967335	1.323967335	1.323967335
928	1.323967335	1.323967335	1.323967335	1.323967335
929	1.323967335	1.323967335	1.323967335	1.323967335
930	1.323967335	1.323967335	1.323967335	1.323967335
931	1.323967335	1.323967335	1.323967335	1.323967335
932	1.323967335	1.323967335	1.323967335	1.323967335
933	1.323967335	1.323967335	1.323967335	1.323967335
934	1.323967335	1.323967335	1.323967335	1.323967335
935	1.323967335	1.323967335	1.323967335	1.323967335
936	1.323967335	1.323967335	1.323967335	1.323967335
937	1.323967335	1.323967335	1.323967335	1.323967335
938	1.323967335	1.323967335	1.323967335	1.323967335
939	1.323967335	1.323967335	1.323967335	1.323967335
940	1.323967335	1.323967335	1.323967335	1.323967335
941	1.323967335	1.323967335	1.323967335	1.323967335
942	1.323967335	1.323967335	1.323967335	1.323967335
943	1.323967335	1.323967335	1.323967335	1.323967335
944	1.323967335	1.323967335	1.323967335	1.323967335
945	1.323967335	1.323967335	1.323967335	1.323967335
946	1.323967335	1.323967335	1.323967335	1.323967335
947	1.323967335	1.323967335	1.323967335	1.323967335
948	1.323967335	1.323967335	1.323967335	1.323967335
949	1.323967335	1.323967335	1.323967335	1.323967335
950	1.323967335	1.323967335	1.323967335	1.323967335
951	1.323967335	1.323967335	1.323967335	1.323967335
952	1.323967335	1.323967335	1.323967335	1.323967335
953	1.323967335	1.323967335	1.323967335	1.323967335
954	1.323967335	1.323967335	1.323967335	1.323967335
955	1.323967335	1.323967335	1.323967335	1.323967335
956	1.323967335	1.323967335	1.323967335	1.323967335
957	1.323967335	1.323967335	1.323967335	1.323967335
958	1.323967335	1.323967335	1.323967335	1.323967335
959	1.323967335	1.323967335	1.323967335	1.323967335
960	1.323967335	1.323967335	1.323967335	1.323967335
961	1.323967335	1.323967335	1.323967335	1.323967335
962	1.323967335	1.323967335	1.323967335	1.323967335
963	1.323967335	1.323967335	1.323967335	1.323967335
964	1.323967335	1.323967335	1.323967335	1.323967335
965	1.323967335	1.323967335	1.323967335	1.323967335
966	1.323967335	1.323967335	1.323967335	1.323967335
967	1.323967335	1.323967335	1.323967335	1.323967335
968	1.323967335	1.323967335	1.323967335	1.323967335
969	1.323967335	1.323967335	1.323967335	1.323967335
970	1.323967335	1.323967335	1.323967335	1.323967335
971	1.323967335	1.323967335	1.323967335	1.323967335
972	1.323967335	1.323967335	1.323967335	1.323967335
973	1.323967335	1.323967335	1.323967335	1.323967335
974	1.323967335	1.323967335	1.323967335	1.323967335
975	1.323967335	1.323967335	1.323967335	1.323967335
976	1.323967335	1.323967335	1.323967335	1.323967335
977	1.323967335	1.323967335	1.323967335	1.323967335
978	1.323967335	1.323967335	1.323967335	1.323967335
979	1.323967335	1.323967335	1.323967335	1.323967335
980	1.323967335	1.323967335	1.323967335	1.323967335
981	1.323967335	1.323967335	1.323967335	1.323967335
982	1.323967335	1.323967335	1.323967335	1.323967335
983	1.323967335	1.323967335	1.323967335	1.323967335
984	1.323967335	1.323967335	1.323967335	1.323967335
985	1.323967335	1.323967335	1.323967335	1.323967335
986	1.323967335	1.323967335	1.323967335	1.323967335
987	1.323967335	1.323967335	1.323967335	1.323967335
988	1.323967335	1.323967335	1.323967335	1.323967335
989	1.323967335	1.323967335	1.323967335	1.323967335
990	1.323967335	1.323967335	1.323967335	1.323967335
991	1.323967335	1.323967335	1.323967335	1.323967335
992	1.323967335	1.323967335	1.323967335	1.323967335
993	1.323967335	1.323967335	1.323967335	1.323967335
994	1.323967335	1.323967335	1.323967335	1.323967335
995	1.323967335	1.323967335	1.323967335	1.323967335
996	1.323967335	1.323967335	1.323967335	1.323967335
997	1.323967335	1.323967335	1.323967335	1.323967335
998	1.323967335	1.323967335	1.323967335	1.323967335
999	1.323967335	1.323967335	1.323967335	1.323967335
1000	1.323967335	1.323967335	1.323967335	1.323967335
1001	1.323967335	1.323967335	1.323967335	1.323967335
1002	1.323967335	1.323967335	1.323967335	1.323967335
1003	1.323967335	1.323967335	1.323967335	1.323967335
1004	1.323967335	1.323967335	1.323967335	1.323967335
1005	1.323967335	1.323967335	1.323967335	1.323967335
1006	1.323967335	1.323967335	1.323967335	1.323967335
1007	1.323967335	1.323967335	1.323967335	1.323967335
1008	1.323967335	1.323967335	1.323967335	1.323967335
1009	1.323967335	1.323967335	1.323967335	1.323967335
1010	1.323967335	1.323967335	1.323967335	1.323967335
1011	1.323967335	1.323967335	1.323967335	1.323967335
1012	1.323967335	1.323967335	1.323967335	1.323967335
1013	1.323967335	1.323967335	1.323967335	1.323967335
1014	1.323967335	1.323967335	1.323967335	1.323967335
1015	1.323967335	1.323967335	1.323967335	1.323967335
1016	1.323967335	1.323967335	1.323967335	1.323967335
1017	1.323967335	1.323967335	1.323967335	1.323967335
1018	1.323967335	1.323967335	1.323967335	1.323967335
1019	1.323967335	1.323967335	1.323967335	1.323967335
1020	1.323967335	1.323967335	1.323967335	1.323967335
1021	1.323967335	1.323967335	1.323967335	1.323967335
1022	1.323967335	1.323967335	1.323967335	1.323967335
1023	1.323967335	1.323967335	1.323967335	1.323967335
1024	1.323967335	1.323967335	1.323967335	1.323967335
1025	1.323967335	1.323967335	1.323967335	1.323967335
1026	1.323967335	1.323967335	1.323967335	1.323967335
1027	1.323967335	1.323967335	1.323967335	1.323967335
1028	1.323967335	1.323967335	1.323967335	1.323967335
1029	1.323967335	1.323967335	1.323967335	1.323967335
1030	1.323967335	1.323967335	1.323967335	1.323967335
1031	1.323967335	1.323967335	1.323967335	1.323967335
1032	1.323967335	1.323967335	1.323967335	1.323967335
1033	1.323967335	1.323967335	1.323967335	1.323967335
1034	1.323967335	1.323967335	1.323967335	1.323967335
1035	1.323967335	1.323967335	1.323967335	1.323967335
1036	1.323967335	1.323967335	1.323967335	1.323967335
1037	1.323967335	1.323967335	1.323967335	1.323967335
1038	1.323967335	1.323967335	1.323967335	1.323967335
1039	1.323967335	1.323967335	1.323967335	1.323967335
1040	1.323967335	1.323967335	1.323967335	1.323967335
1041	1.323967335	1.323967335	1.323967335	1.323967335
1042	1.323967335	1.323967335	1.323967335	1.323967335
1043	1.323967335	1.323967335	1.323967335	1.323967335
1044	1.323967335	1.323967335	1.323967335	1.323967335
1045	1.323967335	1.323967335	1.323967335	1.323967335
1046	1.323967335	1.323967335	1.323967335	1.323967335
1047	1.323967335	1.323967335	1.323967335	1.323967335
1048	1.323967335	1.323967335	1.323967335	1.323967335
1049	1.323967335	1.323967335	1.323967335	1.323967335
1050	1.323967335	1.323967335	1.323967335	1.323967335
1051	1.323967335	1.323967335	1.323967335	1.323967335
1052	1.323967335	1.323967335	1.323967335	1.323967335
1053	1.323967335	1.323967335	1.323967335	1.323967335
1054	1.323967335	1.323967335	1.323967335	1.323967335
1055	1.323967335	1.323967335	1.323967335	1.323967335
1056	1.323967335	1.323967335	1.323967335	1.323967335
1057	1.323967335	1.323967335	1.323967335	1.323967335
1058	1.323967335	1.323967335	1.323967335	1.323967335
1059	1.323967335	1.323967335	1.323967335	1.323967335
1060	1.323967335	1.323967335	1.323967335	1.323967335
1061	1.323967335	1.323967335	1.323967335	1.323967335
1062	1.323967335	1.323967335	1.323967335	1.323967335
1063	1.323967335	1.323967335	1.323967335	1.323967335
1064	1.323967335	1.323967335	1.323967335	1.323967335
1065	1.323967335	1.323967335	1.323967335	1.323967335
1066	1.323967335	1.323967335	1.323967335	1.323967335
1067	1.323967335	1.323967335	1.323967335	1.323967335
1068	1.323967335	1.323967335	1.323967335	1.323967335
1069	1.323967335	1.323967335	1.323967335	1.323967335
1070	1.323967335	1.323967335	1.323967335	1.323967335
1071	1.323967335	1.323967335	1.323967335	1.323967335
1072	1.323967335	1.323967335	1.323967335	1.323967335
1073	1.323967335	1.323967335	1.323967335	1.323967335
1074	1.323967335	1.323967335	1.323967335	1.323967335
1075	1.323967335	1.323967335	1.323967335	1.323967335
1076	1.323967335	1.323967335	1.323967335	1.323967335
1077	1.323967335	1.323967335	1.323967335	1.323967335
1078	1.323967335	1.323967335	1.323967335	1.323967335
1079	1.323967335	1.323967335	1.323967335	1.323967335
1080	1.323967335	1.323967335	1.323967335	1.323967335
1081	1.323967335	1.323967335	1.323967335	1.323967335
1082	1.323967335	1.323967335	1.323967335	1.323967335
1083	1.323967335	1.323967335	1.323967335	1.323967335
1084	1.323967335	1.323967335	1.323967335	1.323967335
1085	1.323967335	1.323967335	1.323967335	1.323967335
1086	1.323967335	1.323967335	1.323967335	1.323967335
1087	1.323967335	1.323967335	1.323967335	1.323967335
1088	1.323967335	1.323967335	1.323967335	1.323967335
1089	1.323967335	1.323967335	1.323967335	1.323967335
1090	1.323967335	1.323967335	1.323967335	1.323967335
1091	1.323967335	1.323967335	1.323967335	1.323967335
1092	1.323967335	1.323967335	1.323967335	1.323967335
1093	1.323967335	1.323967335	1.323967335	1.323967335
1094	1.323967335	1.323967335	1.323967335	1.323967335
1095	1.323967335	1.323967335	1.323967335	1.323967335
1096	1.323967335	1.323967335	1.323967335	1.323967335
1097	1.323967335	1.323967335	1.323967335	1.323967335
1098	1.323967335	1.323967335	1.323967335	1.323967335
1099	1.323967335	1.323967335	1.323967335	1.323967335
1100	1.323967335	1.323967335	1.323967335	1.323967335
1101	1.323967335	1.323967335	1.323967335	1.323967335
1102	1.323967335	1.323967335	1.323967335	1.323967335
1103	1.323967335	1.323967335	1.323967335	1.323967335
1104	1.323967335	1.323967335	1.323967335	1.323967335
1105	1.323967335	1.323967335	1.323967335	1.323967335
1106	1.323967335	1.323967335	1.323967335	1.323967335
1107	1.323967335	1.323967335	1.323967335	1.323967335
1108	1.323967335	1.323967335	1.323967335	1.323967335
1109	1.323967335	1.323967335	1.323967335	1.323967335
1110	1.323967335	1.323967335	1.323967335	1.323967335
1111	1.323967335	1.323967335	1.323967335	1.323967335
1112	1.323967335	1.323967335	1.323967335	1.323967335
1113	1.323967335	1.323967335	1.323967335	1.323967335
1114	1.323967335	1.323967335	1.323967335	1.323967335
1115	1.323967335	1.323967335	1.323967335	1.323967335
1116	1.323967335	1.323967335	1.323967335	1.323967335
1117	1.323967335	1.323967335	1.323967335	1.323967335
1118	1.323967335	1.323967335	1.323967335	1.323967335
1119	1.323967335	1.323967335	1.323967335	1.323967335
1120	1.323967335	1.323967335	1.323967335	1.323967335
1121	1.323967335	1.323967335	1.323967335	1.323967335
1122	1.323967335	1.323967335	1.323967335	1.323967335
1123	1.323967335	1.323967335	1.323967335	1.323967335
1124	1.323967335	1.323967335	1.323967335	1.323967335
1125	1.323967335	1.323967335	1.323967335	1.323967335
1126	1.323967335	1.323967335	1.323967335	1.323967335
1127	1.323967335	1.323967335	1.323967335	1.323967335
1128	1.323967335	1.323967335	1.323967335	1.323967335
1129	1.323967335	1.323967335	1.323967335	1.323967335
1130	1.323967335	1.323967335	1.323967335	1.323967335
1131	1.323967335	1.323967335	1.323967335	1.323967335
1132	1.323967335	1.323967335	1.323967335	1.323967335
1133	1.323967335	1.323967335	1.323967335	1.323967335
1134	1.323967335	1.323967335	1.323967335	1.323967335
1135	1.323967335	1.323967335	1.323967335	1.323967335
1136	1.323967335	1.323967335	1.323967335	1.323967335
1137	1.323967335	1.323967335	1.323967335	1.323967335
1138	1.323967335	1.323967335	1.323967335	1.323967335
1139	1.323967335	1.323967335	1.323967335	1.323967335
1140	1.323967335	1.323967335	1.323967335	1.323967335
1141	1.323967335	1.323967335	1.323967335	1.323967335
1142	1.323967335	1.323967335	1.323967335	1.323967335
1143	1.323967335	1.323967335	1.323967335	1.323967335
1144	1.323967335	1.323967335	1.323967335	1.323967335
1145	1.323967335	1.323967335	1.323967335	1.323967335
1146	1.323967335	1.323967335	1.323967335	1.323967335
1147	1.323967335	1.323967335	1.323967335	1.323967335
1148	1.323967335	1.323967335	1.323967335	1.323967335
1149	1.323967335	1.323967335	1.323967335	1.323967335
1150	1.323967335	1.323967335	1.323967335	1.323967335
1151	1.323967335	1.323967335	1.323967335	1.323967335
1152	1.323967335	1.323967335	1.323967335	1.323967335
1153	1.323967335	1.323967335	1.323967335	1.323967335
1154	1.323967335	1.323967335	1.323967335	1.323967335
1155	1.323967335	1.323967335	1.323967335	1.323967335
1156	1.323967335	1.323967335	1.323967335	1.323967335
1157	1.323967335	1.323967335	1.323967335	1.323967335
1158	1.323967335	1.323967335	1.323967335	1.323967335
1159	1.323967335	1.323967335	1.323967335	1.323967335
1160	1.323967335	1.323967335	1.323967335	1.323967335
1161	1.323967335	1.323967335	1.323967335	1.323967335
1162	1.323967335	1.323967335	1.323967335	1.323967335
1163	1.323967335	1.323967335	1.323967335	1.323967335
1164	1.323967335	1.323967335	1.323967335	1.323967335
1165	1.323967335	1.323967335	1.323967335	1.323967335
1166	1.323967335	1.323967335	1.323967335	1.323967335
1167	1.323967335	1.323967335	1.323967335	1.323967335
1168	1.323967335	1.323967335	1.323967335	1.323967335
1169	1.323967335	1.323967335	1.323967335	1.323967335
1170	1.323967335	1.323967335	1.323967335	1.323967335
1171	1.323967335	1.323967335	1.323967335	1.323967335
1172	1.323967335	1.323967335	1.323967335	1.323967335
1173	1.323967335	1.323967335	1.323967335	1.323967335
1174	1.323967335	1.323967335	1.323967335	1.323967335
1175	1.323967335	1.323967335	1.323967335	1.323967335
1176	1.323967335	1.323967335	1.323967335	1.323967335
1177	1.323967335	1.323967335	1.323967335	1.323967335
1178	1.323967335	1.323967335	1.323967335	1.323967335
1179	1.323967335	1.323967335	1.323967335	1.323967335
1180	1.323967335	1.323967335	1.323967335	1.323967335
1181	1.323967335	1.323967335	1.323967335	1.323967335
1182	1.323967335	1.323967335	1.323967335	1.323967335
1183	1.323967335	1.323967335	1.323967335	1.323967335
1184	1.323967335	1.323967335	1.323967335	1.323967335
1185	1.323967335	1.323967335	1.323967335	1.323967335
1186	1.323967335	1.323967335	1.323967335	1.323967335
1187	1.323967335	1.323967335	1.323967335	1.323967335
1188	1.323967335	1.323967335	1.323967335	1.323967335
1189	1.323967335	1.323967335	1.323967335	1.323967335
1190	1.323967335	1.323967335	1.323967335	1.323967335
1191	1.323967335	1.323967335	1.323967335	1.323967335
1192	1.323967335	1.323967335	1.323967335	1.323967335
1193	1.323967335	1.323967335	1.323967335	1.323967335
1194	1.323967335	1.323967335	1.323967335	1.323967335
1195	1.323967335	1.323967335	1.323967335	1.323967335
1196	1.323967335	1.323967335	1.323967335	1.323967335
1197	1.323967335	1.323967335	1.323967335	1.323967335
1198	1.323967335	1.323967335	1.323967335	1.323967335
1199	1.323967335	1.323967335	1.323967335	1.323967335
1200	1.323967335	1.323967335	1.323967335	1.323967335
1201	1.323967335	1.323967335	1.323967335	1.323967335
1202	1.323967335	1.323967335	1.323967335	1.323967335
1203	1.323967335	1.323967335	1.323967335	1.323967335
1204	1.323967335	1.323967335	1.323967335	1.323967335
1205	1.323967335	1.323967335	1.323967335	1.323967335
1206	1.323967335	1.323967335	1.323967335	1.323967335
1207	1.323967335	1.323967335	1.323967335	1.323967335
1208	1.323967335	1.323967335	1.323967335	1.323967335
1209	1.323967335	1.323967335	1.323967335	1.323967335
1210	1.323967335	1.323967335	1.323967335	1.323967335
1211	1.323967335	1.323967335	1.323967335	1.323967335
1212	1.323967335	1.323967335	1.323967335	1.323967335
1213	1.323967335	1.323967335	1.323967335	1.323967335
1214	1.323967335	1.323967335	1.323967335	1.323967335
1215	1.323967335	1.323967335	1.323967335	1.323967335
1216	1.323967335	1.323967335	1.323967335	1.323967335
1217	1.323967335	1.323967335	1.323967335	1.323967335
1218	1.323967335	1.323967335	1.323967335	1.323967335
1219	1.323967335	1.323967335	1.323967335	1.323967335
1220	1.323967335	1.323967335	1.323967335	1.323967335
1221	1.323967335	1.323967335	1.323967335	1.323967335
1222	1.323967335	1.323967335	1.323967335	1.323967335
1223	1.323967335	1.323967335	1.323967335	1.323967335
1224	1.323967335	1.323967335	1.323967335	1.323967335
1225	1.323967335	1.323967335	1.323967335	1.323967335
1226	1.323967335	1.323967335	1.323967335	1.323967335
1227	1.323967335	1.323967335	1.323967335	1.323967335
1228	1.323967335	1.323967335	1.323967335	1.323967335
1229	1.323967335	1.323967335	1.323967335	1.323967335
1230	1.323967335	1.323967335	1.323967335	1.323967335
1231	1.323967335	1.323967335	1.323967335	1.323967335
1232	1.323967335	1.323967335	1.323967335	1.323967335
1233	1.323967335	1.323967335	1.323967335	1.323967335
1234	1.323967335	1.323967335	1.323967335	1.323967335
1235	1.323967335	1.323967335	1.323967335	1.323967335
1236	1.323967335	1.323967335	1.323967335	1.323967335
1237	1.323967335	1.323967335	1.323967335	1.323967335
1238	1.323967335	1.323967335	1.323967335	1.323967335
1239	1.323967335	1.323967335	1.323967335	1.323967335
1240	1.323967335	1.323967335	1.323967335	1.323967335
1241	1.323967335	1.323967335	1.323967335	1.323967335
1242	1.323967335	1.323967335	1.323967335	1.323967335
1243	1.323967335	1.323967335	1.323967335	1.323967335
1244	1.323967335	1.323967335	1.323967335	1.323967335
1245	1.323967335	1.323967335	1.323967335	1.323967335
1246	1.323967335	1.323967335	1.323967335	1.323967335
1247	1.323967335	1.323967335	1.323967335	1.323967335
1248	1.323967335	1.323967335	1.323967335	1.323967335
1249	1.323967335	1.323967335	1.323967335	1.323967335
1250	1.323967335	1.323967335	1.323967335	1.323967335
1251	1.323967335	1.323967335	1.323967335	1.323967335
1252	1.323967335	1.323967335	1.323967335	1.323967335
1253	1.323967335	1.323967335	1.323967335	1.323967335
1254	1.323967335	1.323967335	1.323967335	1.323967335
1255	1.323967335	1.323967335	1.323967335	1.323967335
1256	1.323967335	1.323967335	1.323967335	1.323967335
1257	1.323967335	1.323967335	1.323967335	1.323967335
1258	1.323967335	1.323967335	1.323967335	1.323967335
1259	1.323967335	1.323967335	1.323967335	1.323967335
1260	1.323967335	1.323967335	1.323967335	1.323967335
1261	1.323967335	1.323967335	1.323967335	1.323967335
1262	1.323967335	1.323967335	1.323967335	1.323967335
1263	1.323967335	1.323967335	1.323967335	1.323967335
1264	1.323967335	1.323967335	1.323967335	1.323967335
1265	1.323967335	1.323967335	1.323967335	1.323967335
1266	1.323967335	1.323967335	1.323967335	1.323967335
1267	1.323967335	1.323967335	1.323967335	1.323967335
1268	1.323967335	1.323967335	1.323967335	1.323967335
1269	1.323967335	1.323967335	1.323967335	1.323967335
1270	1.323967335	1.323967335	1.323967335	1.323967335
1271	1.323967335	1.323967335	1.323967335	1.323967335
1272	1.323967335	1.323967335	1.323967335	1.323967335
1273	1.323967335	1.323967335	1.323967335	1.323967335
1274	1.323967335	1.323967335	1.323967335	1.323967335
1275	1.323967335	1.323967335	1.323967335	1.323967335
1276	1.323967335	1.323967335	1.323967335	1.323967335
1277	1.323967335	1.323967335	1.323967335	1.323967335
1278	1.323967335	1.323967335	1.323967335	1.323967335
1279	1.323967335	1.323967335	1.323967335	1.323967335
1280	1.323967335	1.323967335	1.323967335	1.323967335
1281	1.323967335	1.323967335	1.323967335	1.323967335
1282	1.323967335	1.323967335	1.323967335	1.323967335
1283	1.323967335	1.323967335	1.323967335	1.323967335
1284	1.323967335	1.323967335	1.323967335	1.323967335
1285	1.323967335	1.323967335	1.323967335	1.323967335
1286	1.323967335	1.323967335	1.323967335	1.323967335
1287	1.323967335	1.323967335	1.323967335	1.323967335
1288	1.323967335	1.323967335	1.323967335	1.323967335
1289	1.323967335	1.323967335	1.323967335	1.323967335
1290	1.323967335	1.323967335	1.323967335	1.323967335
1291	1.323967335	1.323967335	1.323967335	1.323967335
1292	1.323967335	1.323967335	1.323967335	1.323967335
1293	1.323967335	1.323967335	1.323967335	1.323967335
1294	1.323967335	1.323967335	1.323967335	1.323967335
1295	1.323967335	1.323967335	1.323967335	1.323967335
1296	1.323967335	1.323967335	1.323967335	1.323967335
1297	1.323967335	1.323967335	1.323967335	1.323967335
1298	1.323967335	1.323967335	1.323967335	1.323967335
1299	1.323967335	1.323967335	1.323967335	1.323967335
1300	1.323967335	1.323967335	1.323967335	1.323967335
